       40364
        3397
       31738
       49070
       61503
       63008
       63820
        7535
       24039
       49841
       53567
       42199
        4955
       28862
       33768
       38480
       56577
        5243
        1975
       55566
       27667
       35746
       33060
       35533
       27458
       32524
       63748
       62085
       39003
       62752
       35634
       10337
       58955
       47662
       39997
       25268
       61834
       27945
       44796
       43334
       24614
       21824
        8939
       30202
       12780
       15364
       19712
       61570
       23485
       30480
       16828
       23513
       41486
       38609
       40307
        5858
       23452
       48591
       47020
       41478
       17390
       30237
       41876
       61067
       49631
       57773
        3901
       46980
       34443
       57572
        3586
       59351
       43586
       30018
       24922
       30694
       10519
       61208
       65303
       23830
       47038
        8255
        2329
       17711
       41351
        1636
       15333
       57447
       24926
       49723
       20760
       18704
       53845
       49831
       39939
       30397
        6878
       29715
       23415
       60544
       26199
       46110
       23473
       30102
        8879
       11835
       39365
        2249
       60962
        8324
       41167
       17367
       29471
        3992
       24922
       35992
       14472
       49578
       62453
       43790
       19075
        2411
       23062
       58133
       30911
        7461
       57018
       40198
       29003
       38633
        4199
       58949
       14598
        9034
       32861
         492
       43109
       12911
       48843
       19016
       30718
       23500
       64308
       55422
       30759
       36681
       38905
       25449
       21595
       46342
